2.9206e6 0.0013e6 4.64e3 1e3 6.9 0.2 2
2.921e6 0.0029e6 8.03e3 1.6e3 6.4 0.3 2
2.9227e6 0.00037e6 4.9964e3 174 6.8 0.06 2
2.9192e6 0.0014e6 3.03e3 1e3 11 0.4 2
2.9222e6 0.0018e6 3.97e3 1.2e3 9.4 0.4 2
2.9243e6 0.00091e6 5.61e3 4.6e2 9.5 0.2 2
2.9218e6 0.00044e6 5.17e3 274 7.65 0.07 2
2.9129e6 0.0021e6 8.28e3 1.2e3 4.9 0.1 1
2.9229e6 0.00075e6 5.41e3 5e2 8.5 0.09 2
2.9163e6 0.00104e6 9.59e3 5.7e2 4 0.04 1
2.9151e6 0.00145e6 7.5e3 8.7e2 4.9 0.08 1
2.9158e6 0.00178e6 6.16e3 1.1e3 4.8 0.1 1
2.9136e6 0.0008e6 4.43e3 7.2e2 5.0 0.08 1
2.9174e6 0.00164e6 7.34e3 9.8e2 4.4 0.08 1
2.92e6 0.0017e6 5.91e3 8.9e2 14 0.5 2
2.9215e6 0.00099e6 5.03e3 6.5e2 5.5 0.1 2
2.9219e6 0.000814e6 4.27e3 5.8e2 6.9 0.1 2
2.9064e6 0.00243e6 1.26e4 1.3e3 5.4 0.1 0
2.9084e6 0.00248e6 6.34e3 1.5e3 4.9 0.2 0
2.91e6 0.00386e6 5.35e3 2.6e3 6.9 0.4 0

