  315.1076   -0.0353   -0.0284
  315.5382    0.0067    0.0054
  315.9687   -0.0114   -0.0091
  316.3992    0.0244    0.0195
  316.8297   -0.0268   -0.0215
  317.2603   -0.0034   -0.0027
  317.6908   -0.0182   -0.0146
  318.1213   -0.0136   -0.0109
  318.5519   -0.0042   -0.0034
  318.9824    0.0182    0.0145
  319.4129    0.0342    0.0273
  319.8434   -0.0051   -0.0041
  320.2740   -0.0094   -0.0075
  320.7045   -0.0161   -0.0131
  321.1350    0.0724    0.0567
  321.5655    0.0457    0.0341
  321.9961    0.0060   -0.0003
  322.4266   -0.0005   -0.0110
  322.8571    0.0050   -0.0160
  323.2877    0.0315   -0.0089
  323.7182    0.0508   -0.0118
  324.1487    0.1122    0.0167
  324.5792    0.1209    0.0055
  325.0098    0.1301    0.0012
  325.4403    0.1473    0.0129
  325.8708    0.1009   -0.0153
  326.3013    0.0974   -0.0019
  326.7319    0.0642   -0.0083
  327.1624    0.0148   -0.0280
  327.5929    0.0745    0.0343
  328.0235    0.0682    0.0401
  328.4540    0.0037   -0.0037
  328.8845   -0.0135   -0.0135
  329.3150   -0.0225   -0.0188
  329.7456    0.0327    0.0251
  330.1761    0.0166    0.0128
  330.6066   -0.0084   -0.0066
  331.0372    0.0090    0.0070
  331.4677    0.0073    0.0056
  331.8982    0.0360    0.0280
  332.3287   -0.0276   -0.0214
  332.7593    0.0144    0.0112
  333.1898   -0.0216   -0.0168
  333.6203   -0.0177   -0.0137
  334.0508   -0.0138   -0.0108
  334.4814    0.0111    0.0082
  334.9119    0.0565    0.0429
  335.3424    0.0072    0.0041
  335.7730   -0.0732   -0.0593
  336.2035   -0.0000   -0.0052
  336.6340   -0.0262   -0.0293
  337.0645   -0.0057   -0.0198
  337.4951    0.0025   -0.0228
  337.9256    0.0521    0.0018
  338.3561    0.0313   -0.0323
  338.7866    0.1117    0.0060
  339.2172    0.1269   -0.0103
  339.6477    0.1756   -0.0046
  340.0782    0.2602    0.0269
  340.5088    0.2880    0.0164
  340.9393    0.3735    0.0543
  341.3698    0.3214   -0.0050
  341.8003    0.3130   -0.0210
  342.2309    0.2591   -0.0604
  342.6614    0.3012   -0.0158
  343.0919    0.2911   -0.0015
  343.5225    0.3122    0.0432
  343.9530    0.2547    0.0318
  344.3835    0.1246   -0.0341
  344.8140    0.1649    0.0267
  345.2446    0.0588   -0.0271
  345.6751    0.0807    0.0109
  346.1056    0.0208   -0.0177
  346.5361    0.0411    0.0096
  346.9667    0.0351    0.0134
  347.3972   -0.0042   -0.0108
  347.8277    0.0470    0.0310
  348.2583    0.0429    0.0299
  348.6888    0.0480    0.0348
  349.1193    0.0645    0.0477
  349.5498   -0.0537   -0.0405
  349.9804   -0.0051   -0.0040
  350.4109    0.0045    0.0033
  350.8414   -0.0174   -0.0130
  351.2719   -0.0208   -0.0155
  351.7025    0.0156    0.0116
  352.1330   -0.0410   -0.0305
  352.5635    0.0115    0.0085
  352.9941   -0.0335   -0.0249
  353.4246    0.0380    0.0281
  353.8551    0.0293    0.0216
  354.2856   -0.0279   -0.0211
  354.7162   -0.0523   -0.0398
  355.1467   -0.0071   -0.0077
  355.5772    0.0678    0.0450
  356.0077   -0.0021   -0.0113
  356.4383   -0.0144   -0.0280
  356.8688    0.0141   -0.0186
  357.2993    0.0538   -0.0053
  357.7299    0.1085    0.0151
  358.1604    0.1541    0.0266
  358.5909    0.1249   -0.0163
  359.0214    0.1853    0.0104
  359.4520    0.1631   -0.0162
  359.8825    0.1925    0.0043
  360.3130    0.1984    0.0171
  360.7436    0.1162   -0.0267
  361.1741    0.1168   -0.0054
  361.6046    0.1187    0.0181
  362.0351    0.0423   -0.0173
  362.4657    0.0840    0.0296
  362.8962    0.0405    0.0102
  363.3267   -0.0160   -0.0225
  363.7572    0.0061   -0.0013
  364.1878    0.0200    0.0116
  364.6183   -0.0199   -0.0157
  365.0488   -0.0196   -0.0147
  365.4794    0.0433    0.0310
  365.9099    0.0514    0.0370
  366.3404   -0.0012   -0.0009
  366.7709   -0.0034   -0.0024
  367.2015    0.0610    0.0439
  367.6320    0.0195    0.0140
  368.0625   -0.0570   -0.0409
  368.4930   -0.0443   -0.0317
  368.9236    0.0010    0.0007
  369.3541    0.0318    0.0228
  369.7846   -0.0503   -0.0359